 &plot nbnd=   8, nks=    61 /
            0.228426 -0.000000  0.000000
   -1.046    1.538    6.130    6.130   10.670   13.577   23.152   23.152
            0.220812 -0.000000  0.000000
   -1.095    1.592    6.136    6.136   10.683   13.586   23.127   23.127
            0.213198 -0.000000  0.000000
   -1.229    1.743    6.154    6.154   10.721   13.612   23.056   23.056
            0.205584 -0.000000  0.000000
   -1.426    1.967    6.183    6.183   10.786   13.656   22.940   22.940
            0.197969 -0.000000  0.000000
   -1.662    2.240    6.224    6.224   10.876   13.717   22.784   22.784
            0.190355 -0.000000  0.000000
   -1.919    2.544    6.276    6.276   10.991   13.796   22.594   22.594
            0.182741 -0.000000  0.000000
   -2.188    2.869    6.340    6.340   11.131   13.893   22.374   22.374
            0.175127 -0.000000  0.000000
   -2.460    3.206    6.415    6.415   11.296   14.008   22.130   22.130
            0.167513 -0.000000  0.000000
   -2.731    3.550    6.501    6.501   11.484   14.141   21.866   21.866
            0.159898 -0.000000  0.000000
   -2.998    3.898    6.598    6.598   11.695   14.293   21.588   21.588
            0.152284 -0.000000  0.000000
   -3.259    4.247    6.704    6.704   11.927   14.464   21.297   21.297
            0.144670 -0.000000  0.000000
   -3.511    4.595    6.821    6.821   12.178   14.654   20.997   20.997
            0.137056 -0.000000  0.000000
   -3.755    4.940    6.947    6.947   12.445   14.862   20.690   20.690
            0.129442 -0.000000  0.000000
   -3.988    5.280    7.082    7.082   12.725   15.087   20.379   20.379
            0.121827 -0.000000  0.000000
   -4.211    5.616    7.224    7.224   13.016   15.328   20.065   20.065
            0.114213 -0.000000  0.000000
   -4.422    5.947    7.374    7.374   13.313   15.578   19.750   19.750
            0.106599 -0.000000  0.000000
   -4.621    6.271    7.531    7.531   13.612   15.831   19.437   19.437
            0.098985 -0.000000  0.000000
   -4.808    6.588    7.692    7.692   13.910   16.072   19.125   19.125
            0.091370 -0.000000  0.000000
   -4.982    6.898    7.857    7.857   14.205   16.282   18.819   18.819
            0.083756 -0.000000  0.000000
   -5.143    7.200    8.025    8.025   14.493   16.434   18.519   18.519
            0.076142 -0.000000  0.000000
   -5.290    7.493    8.193    8.193   14.770   16.509   18.228   18.228
            0.068528 -0.000000  0.000000
   -5.425    7.774    8.359    8.359   15.036   16.500   17.949   17.949
            0.060914 -0.000000  0.000000
   -5.545    8.044    8.522    8.522   15.284   16.420   17.684   17.684
            0.053299 -0.000000  0.000000
   -5.652    8.297    8.677    8.677   15.507   16.299   17.436   17.436
            0.045685 -0.000000  0.000000
   -5.744    8.533    8.823    8.823   15.683   16.178   17.210   17.210
            0.038071 -0.000000  0.000000
   -5.823    8.746    8.955    8.955   15.743   16.143   17.009   17.009
            0.030457 -0.000000  0.000000
   -5.887    8.931    9.070    9.070   15.664   16.229   16.837   16.837
            0.022843 -0.000000  0.000000
   -5.937    9.083    9.164    9.164   15.549   16.341   16.698   16.698
            0.015228 -0.000000  0.000000
   -5.973    9.197    9.234    9.234   15.451   16.433   16.596   16.596
            0.007614 -0.000000  0.000000
   -5.995    9.268    9.277    9.277   15.386   16.492   16.533   16.533
            0.000000  0.000000  0.000000
   -6.002    9.292    9.292    9.292   15.364   16.512   16.512   16.512
            0.003807  0.003807  0.003807
   -5.997    9.260    9.288    9.288   15.381   16.514   16.520   16.520
            0.007614  0.007614  0.007614
   -5.980    9.166    9.276    9.276   15.427   16.521   16.542   16.542
            0.011421  0.011421  0.011421
   -5.953    9.014    9.257    9.257   15.493   16.539   16.578   16.578
            0.015228  0.015228  0.015228
   -5.916    8.812    9.230    9.230   15.562   16.578   16.627   16.627
            0.019036  0.019036  0.019036
   -5.868    8.567    9.197    9.197   15.618   16.651   16.686   16.686
            0.022843  0.022843  0.022843
   -5.809    8.286    9.159    9.159   15.647   16.753   16.753   16.765
            0.026650  0.026650  0.026650
   -5.739    7.976    9.115    9.115   15.645   16.824   16.824   16.917
            0.030457  0.030457  0.030457
   -5.659    7.644    9.067    9.067   15.618   16.897   16.897   17.100
            0.034264  0.034264  0.034264
   -5.569    7.295    9.016    9.016   15.572   16.966   16.966   17.303
            0.038071  0.038071  0.038071
   -5.469    6.932    8.963    8.963   15.514   17.028   17.028   17.516
            0.041878  0.041878  0.041878
   -5.358    6.559    8.908    8.908   15.448   17.078   17.078   17.731
            0.045685  0.045685  0.045685
   -5.238    6.179    8.852    8.852   15.378   17.115   17.115   17.944
            0.049492  0.049492  0.049492
   -5.108    5.796    8.796    8.796   15.307   17.135   17.135   18.148
            0.053299  0.053299  0.053299
   -4.968    5.410    8.741    8.741   15.235   17.137   17.137   18.341
            0.057107  0.057107  0.057107
   -4.820    5.025    8.687    8.687   15.165   17.122   17.122   18.518
            0.060914  0.060914  0.060914
   -4.663    4.641    8.635    8.635   15.097   17.092   17.092   18.676
            0.064721  0.064721  0.064721
   -4.498    4.261    8.584    8.584   15.032   17.049   17.049   18.814
            0.068528  0.068528  0.068528
   -4.325    3.887    8.537    8.537   14.971   16.997   16.997   18.932
            0.072335  0.072335  0.072335
   -4.145    3.519    8.492    8.492   14.914   16.937   16.937   19.027
            0.076142  0.076142  0.076142
   -3.960    3.160    8.450    8.450   14.861   16.875   16.875   19.103
            0.079949  0.079949  0.079949
   -3.771    2.811    8.411    8.411   14.813   16.811   16.811   19.160
            0.083756  0.083756  0.083756
   -3.579    2.475    8.377    8.377   14.770   16.749   16.749   19.202
            0.087563  0.087563  0.087563
   -3.387    2.155    8.345    8.345   14.732   16.690   16.690   19.230
            0.091370  0.091370  0.091370
   -3.198    1.855    8.318    8.318   14.699   16.636   16.636   19.248
            0.095178  0.095178  0.095178
   -3.016    1.579    8.295    8.295   14.671   16.588   16.588   19.258
            0.098985  0.098985  0.098985
   -2.848    1.333    8.276    8.276   14.648   16.548   16.548   19.263
            0.102792  0.102792  0.102792
   -2.701    1.125    8.261    8.261   14.630   16.516   16.516   19.265
            0.106599  0.106599  0.106599
   -2.585    0.965    8.250    8.250   14.618   16.492   16.492   19.265
            0.110406  0.110406  0.110406
   -2.510    0.864    8.244    8.244   14.610   16.478   16.478   19.265
            0.114213  0.114213  0.114213
   -2.484    0.829    8.242    8.242   14.608   16.473   16.473   19.265
