5
9.5482 15.8595 6.3113
9.3467 16.0878 6.7411
8.9406 15.6022 6.6616
8.6123 15.1902 6.5779
8.4929 15.0488 6.5559
8.8485 15.7775 6.929
8.5584 15.2964 6.738
8.0074 14.9813 6.9739
8.0587 14.9496 6.8909
8.4259 15.4089 6.983
8.9661 16.1321 7.166
9.3916 16.6780 7.2864
7.6067 13.6314 6.0247
7.2085 13.1525 5.944
7.2302 13.2937 6.0635
7.6614 13.9304 6.269
8.3619 15.1051 6.7432
6.6772 11.6437 4.9665
6.5811 11.8210 5.2399
6.9415 12.6697 5.7282
6.3460 10.9077 4.5617
8.2711 14.9434 6.6723
7.6181 14.8759 7.2578
7.2789 14.8169 7.538
6.4125 13.2078 6.7953
6.1354 13.9002 7.7648
6.7053 14.5973 7.892
5.4816 12.6148 7.1332
4.8332 14.7698 9.9366

9.2606 15.3030 6.0424
9.0601 15.5784 6.5183
8.6561 15.1108 6.4547
8.3296 14.6966 6.367
8.2108 14.5533 6.3425
8.5701 15.3528 6.7827
8.2721 14.8896 6.6175
7.7374 14.5902 6.8528
7.7854 14.5604 6.775
8.1455 14.9944 6.8489
8.6779 15.6751 6.9972
9.1004 16.2270 7.1266
7.3457 13.2733 5.9276
6.9527 12.8271 5.8744
6.9723 12.9720 5.9997
7.3950 13.5943 6.1993
8.0830 14.7391 6.6561
6.4299 11.3556 4.9257
6.3346 11.5333 5.1987
6.6882 12.3622 5.674
6.1035 10.6406 4.5371
7.9928 14.5765 6.5837
7.3541 14.5323 7.1782
7.0240 14.4798 7.4558
6.1776 12.8955 6.7179
5.9051 13.5796 7.6745
6.4615 14.2679 7.8064
5.2646 12.3158 7.0512
4.6343 14.4497 9.8154

9.2912 15.3624 6.0712
9.0906 15.6329 6.5423
8.6863 15.1633 6.477
8.3596 14.7492 6.3896
8.2407 14.6061 6.3654
8.5997 15.3980 6.7983
8.3025 14.9330 6.6305
7.7661 14.6320 6.8659
7.8144 14.6021 6.7877
8.1753 15.0389 6.8636
8.7085 15.7241 7.0156
9.1314 16.2760 7.1446
7.3735 13.3114 5.9379
6.9798 12.8619 5.8821
6.9997 13.0063 6.0066
7.4233 13.6302 6.2069
8.1126 14.7782 6.6656
6.4561 11.3863 4.9302
6.3608 11.5640 5.2032
6.7152 12.3950 5.6798
6.1293 10.6691 4.5398
8.0224 14.6156 6.5932
7.3822 14.5689 7.1867
7.0511 14.5158 7.4647
6.2026 12.9288 6.7262
5.9296 13.6138 7.6842
6.4874 14.3030 7.8156
5.2876 12.3477 7.0601
4.6554 14.4838 9.8284

9.2921 15.3642 6.0721
9.0915 15.6345 6.543
8.6872 15.1648 6.4776
8.3605 14.7507 6.3902
8.2416 14.6076 6.366
8.6005 15.3993 6.7988
8.3034 14.9342 6.6308
7.7669 14.6332 6.8663
7.8153 14.6034 6.7881
8.1761 15.0402 6.8641
8.7094 15.7255 7.0161
9.1323 16.2774 7.1451
7.3743 13.3126 5.9383
6.9806 12.8629 5.8823
7.0005 13.0073 6.0068
7.4242 13.6312 6.207
8.1135 14.7793 6.6658
6.4569 11.3872 4.9303
6.3616 11.5649 5.2033
6.7159 12.3960 5.6801
6.1300 10.6699 4.5399
8.0232 14.6167 6.5935
7.3830 14.5700 7.187
7.0519 14.5169 7.465
6.2033 12.9298 6.7265
5.9303 13.6148 7.6845
6.4881 14.3040 7.8159
5.2883 12.3486 7.0603
4.6560 14.4848 9.8288

9.2921 15.3642 6.0721
9.0915 15.6345 6.543
8.6872 15.1648 6.4776
8.3605 14.7507 6.3902
8.2416 14.6076 6.366
8.6005 15.3993 6.7988
8.3034 14.9342 6.6308
7.7669 14.6332 6.8663
7.8153 14.6033 6.788
8.1761 15.0401 6.864
8.7094 15.7255 7.0161
9.1323 16.2774 7.1451
7.3743 13.3125 5.9382
6.9806 12.8629 5.8823
7.0005 13.0073 6.0068
7.4242 13.6312 6.207
8.1135 14.7793 6.6658
6.4569 11.3872 4.9303
6.3616 11.5649 5.2033
6.7159 12.3959 5.68
6.1300 10.6699 4.5399
8.0233 14.6167 6.5934
7.3830 14.5700 7.187
7.0519 14.5168 7.4649
6.2033 12.9297 6.7264
5.9303 13.6148 7.6845
6.4881 14.3040 7.8159
5.2883 12.3486 7.0603
4.6560 14.4848 9.8288

